0144814141]

vescum, IN EUNOPA OENmu NON 0111114Ε,
81401111141111·1.0041 NATALIA ORDINATAE ·

0444444444444444

4. 444 744444; 04 4444144444 44, (14444444 44, 4444444444 47, 4444444414 44,
44444444 44,1444444444 444, 4444441444 447.

4. in 44444444 44 444444414444444 01. 04444444 44, 44441444 44, 44444 44,
4444441444 47, mnia 44, virgine· 44, 44444144 44, 4444441 44 , 4444444 44,
04444444,44444444,44444444,4444444444444,44444·44444,444444444,
44444444 44, 8414441444 44, contaminat· 144, 144444 144, 44444414 444,
piae· 444, 4144444444 444, moulon 444, 14444444 444, tunicellis 444,
4444444444.

4. 44 744444 44 4444 minore: 01. 4444444444 4, 4444444444 44,
mmm 44, 4444444444 44, 4444444444 44, 4441441444 444, fraudium 477,
44444444ϋ 474, 4444114444 444, 44444144 444, olympica 447, thesalonica 444,
macilenta 444, -444144444444 44, mund· 47, 1445444444 444, 4444441444 444,
4444441444 447, circumdat· 444; corpulenta 444.

1. 4404444444 01. 4444444444 444.

4. insyria: 01. 4444444444 44, moolli· 144, mamm 474, 4144444444 474,
4444444 474 44444444 444, 4444444444 444 (14444444444444, 444144 paradisi
444, 44444444, vicina.

441441444444444144 011444444444 44 magun 47 44414444444 44 cy-

44414144 44 ‚sign

4.
7 ’4401444444 ’01. 44144444Ιὶ4444, 0444114444 ,1.4454114444444, 4444144444.
4 ὴο4444444444ιο1.44414444144444444444

4 ’4444444444 (4.114444444447814144141444444.

14 in 4444144 14441444444444 01. 0444449444 44

14. 44444414 44444 (4444444447, 144444444444,444444444,]4444444,
44. 444454 pto: 01. 4444411444474.

44. 44444441414441444ῑ 01. 4414444444 44 4444444 444 ,4444444444Ι

11 44444444τί444 01. 4444144444, opimium, perunna 444· ,-441441444,
4444414444 4414444444 1444 (04444444444)

 

 

