(44444444 ET sumnum 53³

4114111 41111414 41 21441141. 4. 114. 44471. 44. ·- 81411111 4141411
4111 novo.
..-..- 41441111 1. 44. (41.4
44111411141414114414.4 1. 44. ·- 81441. 441111 11411144111. 11441441 Lm.
a (4144141141 fi. 4. .

emmim 4111141 Nom. 1114. 414. 1141. 144 4111411141441.

4111411116144441141 4114. 41141. 1v. (4444.) 1. 447. ... 441111 441441441111
ex 4111 0411144411 1144114 lan. 14414.

= (4144141141 fl. 4.

41111111111144111.41.- 8141114111111441114141ι411141144111,11
41114414. 411111141114444. 141.

4111141114114418. 1. 74. - subp„ 4144114 1 11144111 4111Ιώ14114 11 4111

1 . 4111414144 liv.
4141141141111111181114. 14411. 444444 - 81411111 minoda-b 114111
4141144 41441114 0441.

4144141111314414144. - 844441. 4144144 omem-umnam, 1414114141
111 4 1441.

41411141114411414411444144414414. (44111 1. 44. - (41111141.
44111 seiunctum pro 4414. 11444 441114.. similimum (41444411 41 4141441441
14144111 4144141441,41111111 1141111141441141 4414114441, 4114
14 81141111 1411414111.

4144141411 4441114414 1v. 1. 74. - 441111 amm 11 4111 1144114411
11444114414111, 41411114111111 41441141 4411111144111411411111.

41411118111144. 4441111111. 114. 4. 4111414444.

441441111044111114411 14414. 44447.) 1. 44. ·- (41411 11441111111111411
41 1111111111 4141141111, folliculo 14 4414411141 4144144111 14 num·
1111411111. 1411444 111111 40144111 4444 411144. 11444. 1447.) 41
(4144111441 adoptatum.

41441111 4114 4114 1. 44. - 81411111 4144114, 1111141111111411 4111 41111-
4111144111111414114111

4144141181141111 11411. 1. 444. - 81411111 4144114. ’41111ς 441114111-
1414111.

44144114414111114411.1.44.- 8141. (libem 4111111111 4144111
1141114144414111, nb 4411411111, 04111114411, 41141141 14 81-
111441 144114 1144141111.

cuman 11111111111 414111. 1144 1. 44411444114414411

caumana 4111141 Non. 1114 4141141144014111144411.

(3111114411411414111414- 1. 81111. 4411441. 444. - 81411111 4414414111
4111 4414. 114111141111 811.

0111111141144141444 - 81411111114141 111144111 1141114111, o
41141114141111141114111.,4111144444111.141 ·

01141111 444111 44414. lv. p. 44. - 61111114414411141 1141111141111411 4111.

mm 4111141 Nom 1114. 414. 1141. 144. 4411411111

01111441 (41444 411 olim 41 4411. 41111. XIV. 144. 1141141411 61444.

01114111 11144114 011144. 1114. 44 1. 444. - 441111 ab 4414411 1111414111 11
411111414111111111 14444. .

0111414411 4411148114. 14411. - 81411111 Chilodonu'· 14 4111 44. 41144-
11411 f.

011111441411411414144111. 2001. 811. mi.

= Cimon! Ul· ·

0111111441 4114 414. 1. 44. - 814111111144141 1 111411111411441414141. ’4114
4414111111441, 4114111 141.

011111111411 11411 1. 344. - 81411111 41111111. 4114 44. 41141441 14

4311111441 4441114). 81414). 14411. ·- 81111111 6444111114.

 

